-3.8479794551408943
-3.6007303077764932
-2.8601421076610580
-1.8732920149572483
-0.8326614909701502
0.3363292182248062
1.3492249947438317
2.2257657801087878
3.1324516992180453
4.1093354659720136

-3.4610008991866175
-3.1623063694195062
-2.4031715320642113
-1.4167916593613392
-0.3653950042013192
0.8012136625279839
1.7948063309146856
2.6787677927053677
3.5930814195271421
4.5773840479308321

-3.6150097078215948
-3.3366238530177528
-2.5682759571407257
-1.5944920719647848
-0.5468770754383668
0.6012973686004954
1.5914305679977652
2.4803746307553549
3.4002377141688473
4.3810035925507842

