0.9999999997257614
2.0000000000685660
2.9999999973882785
4.0000000014854136
4.9999999971429965
6.0000000027227447
7.0000000002622711
8.0000000022680293
8.9999999993412008
10.0000000006557013

0.9999999985587995
2.0000000001424310
2.9999999879836565
4.0000000072016979
4.9999999896441478
6.0000000093366541
6.9999999998263442
8.0000000089289198
9.0000000009928502
9.9999999994548698

0.9999999981868053
1.9999999965236945
3.0000000048610276
3.9999999954997643
5.0000000017843949
5.9999999985623047
7.0000000052129767
7.9999999891807176
9.0000000005857039
9.9999999982579038

