0.0000000027769550
0.0000000055539100
0.0000000055539100
0.0000000055539100
0.0000000055539100
0.0000000055539100
0.0000000055539100
0.0000000055539100
0.0000000027769550
0.0000000055539100
0.0000000111078200
0.0000000111078200
0.0000000111078200
0.0000000111078200
0.0000000111078200
0.0000000111078200
0.0000000111078200
0.0000000055539100
0.0000000055539100
0.0000000111078200
0.0000000111078200
0.0000000111078200
0.0000000111078200
0.0000000111078200
0.0000000111078200
0.0000000111078200
0.0000000055539100
0.0000000055539100
0.0000000111078200
0.0000000111078200
0.0000000111078200
0.0000000111078200
0.0000000111078200
0.0000000111078200
0.0000000111078200
0.0000000055539100
0.0000000027769550
0.0000000055539100
0.0000000055539100
0.0000000055539100
0.0000000055539100
0.0000000055539100
0.0000000055539100
0.0000000055539100
0.0000000027769550
1.0000000152477948
1.0000000045543045
1.0000000091378751
1.0000000083153475
1.0000000139844356
1.0000000083100078
1.0000000091328018
1.0000000045527004
1.0000000152476944
1.0000000084842806
1.0000000134576172
1.0000000144653554
1.0000000152642161
1.0000000144636283
1.0000000152465536
1.0000000144493522
1.0000000134536324
1.0000000084844141
1.0000000061165195
1.0000000141210161
1.0000000136710678
1.0000000151717914
1.0000000153084372
1.0000000151529980
1.0000000136562976
1.0000000141206431
1.0000000061180427
1.0000000084848586
1.0000000134604237
1.0000000144719317
1.0000000152756825
1.0000000144793668
1.0000000152640047
1.0000000144648773
1.0000000134638338
1.0000000084871006
1.0000000152480326
1.0000000045554611
1.0000000091405834
1.0000000083200726
1.0000000139909335
1.0000000083172038
1.0000000091392063
1.0000000045569100
1.0000000152488016
2.0000000265123186
2.0000000045310209
2.0000000131158684
2.0000000106143880
2.0000000206019286
2.0000000106234124
2.0000000131240840
2.0000000045331277
2.0000000265122790
2.0000000108547198
2.0000000161199636
2.0000000171134058
2.0000000197123287
2.0000000184475328
2.0000000197417704
2.0000000171385777
2.0000000161240536
2.0000000108535834
2.0000000089553627
2.0000000159297810
2.0000000170094507
2.0000000189039508
2.0000000193162824
2.0000000189341134
2.0000000170304051
2.0000000159256759
2.0000000089512500
2.0000000108540674
2.0000000161163252
2.0000000171035994
2.0000000196937839
2.0000000184208724
2.0000000197114192
2.0000000171111285
2.0000000161058291
2.0000000108487703
2.0000000265120494
2.0000000045295225
2.0000000131118250
2.0000000106067346
2.0000000205909383
2.0000000106108873
2.0000000131127558
2.0000000045256097
2.0000000265102935
3.0000000330415721
3.0000000059683858
3.0000000167041545
3.0000000131322926
3.0000000252941788
3.0000000131221003
3.0000000166955547
3.0000000059671756
3.0000000330420376
3.0000000142805003
3.0000000190507405
3.0000000195048808
3.0000000240268223
3.0000000229342518
3.0000000239945290
3.0000000194803027
3.0000000190514777
3.0000000142836019
3.0000000115129093
3.0000000173930954
3.0000000207832240
3.0000000227320278
3.0000000230383814
3.0000000227017689
3.0000000207683488
3.0000000174077668
3.0000000115208110
3.0000000142804004
3.0000000190519036
3.0000000195123473
3.0000000240451601
3.0000000229637727
3.0000000240302098
3.0000000195137004
3.0000000190740690
3.0000000142896130
3.0000000330415322
3.0000000059688627
3.0000000167072263
3.0000000131398483
3.0000000253063601
3.0000000131368139
3.0000000167093273
3.0000000059764984
3.0000000330445218
4.0000000349467202
4.0000000095111456
4.0000000203050927
4.0000000163541829
4.0000000287116544
4.0000000163634217
4.0000000203121386
4.0000000095109636
4.0000000349458507
4.0000000188745304
4.0000000213625793
4.0000000214802371
4.0000000284433463
4.0000000271717315
4.0000000284709927
4.0000000214974136
4.0000000213553308
4.0000000188695095
4.0000000139490259
4.0000000199088666
4.0000000240503155
4.0000000269436189
4.0000000273003495
4.0000000269646137
4.0000000240507108
4.0000000198817167
4.0000000139375080
4.0000000188762677
4.0000000213674127
4.0000000214811191
4.0000000284331572
4.0000000271481202
4.0000000284382393
4.0000000214645572
4.0000000213322684
4.0000000188632985
4.0000000349474352
4.0000000095131325
4.0000000203054613
4.0000000163499809
4.0000000287019128
4.0000000163499010
4.0000000202985824
4.0000000095014512
4.0000000349432812
5.0000000340544668
5.0000000144910661
5.0000000231000303
5.0000000191280627
5.0000000311959809
5.0000000191204670
5.0000000230943273
5.0000000144913690
5.0000000340552342
5.0000000244328708
5.0000000231326158
5.0000000238581981
5.0000000325855076
5.0000000319087796
5.0000000325648983
5.0000000238475826
5.0000000231417747
5.0000000244379441
5.0000000163692455
5.0000000225675763
5.0000000273070402
5.0000000312371968
5.0000000314176294
5.0000000312284287
5.0000000273197873
5.0000000226010730
5.0000000163819571
5.0000000244288145
5.0000000231190533
5.0000000238442590
5.0000000325812941
5.0000000319194902
5.0000000325881686
5.0000000238747511
5.0000000231621806
5.0000000244435876
5.0000000340527846
5.0000000144854653
5.0000000230942634
5.0000000191263165
5.0000000312004085
5.0000000191300611
5.0000000231055264
5.0000000144997951
5.0000000340575665
6.0000000319346407
6.0000000194291756
6.0000000262498094
6.0000000218610525
6.0000000324058549
6.0000000218678569
6.0000000262564059
6.0000000194314911
6.0000000319348619
6.0000000300244443
6.0000000250241392
6.0000000264385953
6.0000000362204382
6.0000000369817315
6.0000000362370862
6.0000000264507802
6.0000000250229251
6.0000000300225667
6.0000000185821927
6.0000000259720379
6.0000000302469250
6.0000000355522713
6.0000000355663561
6.0000000355530396
6.0000000302317718
6.0000000259450612
6.0000000185725240
6.0000000300311118
6.0000000250476297
6.0000000264678297
6.0000000362422572
6.0000000369875384
6.0000000362267807
6.0000000264319944
6.0000000250067451
6.0000000300179002
6.0000000319373932
6.0000000194388976
6.0000000262618691
6.0000000218700471
6.0000000324082645
6.0000000218635821
6.0000000262486548
6.0000000194248040
6.0000000319329372
7.0000000307478034
7.0000000228651711
7.0000000301180716
7.0000000249220253
7.0000000324721992
7.0000000249146428
7.0000000301079401
7.0000000228576136
7.0000000307457508
7.0000000342005606
7.0000000278308727
7.0000000291225044
7.0000000397239086
7.0000000422377608
7.0000000397062143
7.0000000290992661
7.0000000278145373
7.0000000341962973
7.0000000227569057
7.0000000283790849
7.0000000334935324
7.0000000397285955
7.0000000399353350
7.0000000397292643
7.0000000334986261
7.0000000283869461
7.0000000227596608
7.0000000341914115
7.0000000277978049
7.0000000290784197
7.0000000396848234
7.0000000422155093
7.0000000397035311
7.0000000291095823
7.0000000278264309
7.0000000341999629
7.0000000307440233
7.0000000228515340
7.0000000300998817
7.0000000249059031
7.0000000324630234
7.0000000249135326
7.0000000301122123
7.0000000228625270
7.0000000307472678
8.0000000307649994
8.0000000256439439
8.0000000336215891
8.0000000284038588
8.0000000312471204
8.0000000284122716
8.0000000336359616
8.0000000256574033
8.0000000307690424
8.0000000361727697
8.0000000313123198
8.0000000320922915
8.0000000431417071
8.0000000474179433
8.0000000431622933
8.0000000321293978
8.0000000313486552
8.0000000361839021
8.0000000304640633
8.0000000299252747
8.0000000369981592
8.0000000436794458
8.0000000439217249
8.0000000436801439
8.0000000370073607
8.0000000299401091
8.0000000304692858
8.0000000361839447
8.0000000313531228
8.0000000321484368
8.0000000431948433
8.0000000474535202
8.0000000431753477
8.0000000321256302
8.0000000313399315
8.0000000361809356
8.0000000307696091
8.0000000256608015
8.0000000336447652
8.0000000284257791
8.0000000312617967
8.0000000284176416
8.0000000336344037
8.0000000256537973
8.0000000307678381
9.0000000296959062
9.0000000294497138
9.0000000352404985
9.0000000323772209
9.0000000292100033
9.0000000323688294
9.0000000352239269
9.0000000294325204
9.0000000296904989
9.0000000369076254
9.0000000350924125
9.0000000358778962
9.0000000464331702
9.0000000526821093
9.0000000464132555
9.0000000358339118
9.0000000350434828
9.0000000368919419
9.0000000384827690
9.0000000320069962
9.0000000402398239
9.0000000479079389
9.0000000468547405
9.0000000479098823
9.0000000402245561
9.0000000319782316
9.0000000384723720
9.0000000368951518
9.0000000350465772
9.0000000358139527
9.0000000463710492
9.0000000526382724
9.0000000463940317
9.0000000358340895
9.0000000350506593
9.0000000368945692
9.0000000296907405
9.0000000294308116
9.0000000352141019
9.0000000323515827
9.0000000291919022
9.0000000323608820
9.0000000352240193
9.0000000294354798
9.0000000296915843
10.0000000260050772
10.0000000338292256
10.0000000354559493
10.0000000371087125
10.0000000270604357
10.0000000371153455
10.0000000354711531
10.0000000338465060
10.0000000260106283
10.0000000378212768
10.0000000381743011
10.0000000406596161
10.0000000492469177
10.0000000568236089
10.0000000492601089
10.0000000406981826
10.0000000382229270
10.0000000378374256
10.0000000462245833
10.0000000347633193
10.0000000427681144
10.0000000523289838
10.0000000511072784
10.0000000523174410
10.0000000427750191
10.0000000347904603
10.0000000462352681
10.0000000378342104
10.0000000382218364
10.0000000407262224
10.0000000493119359
10.0000000568699097
10.0000000492807164
10.0000000406983887
10.0000000382155978
10.0000000378347025
10.0000000260104045
10.0000000338488633
10.0000000354834295
10.0000000371355426
10.0000000270795493
10.0000000371238489
10.0000000354712100
10.0000000338434578
10.0000000260095145
11.0000000215633644
11.0000000386083698
11.0000000347965550
11.0000000418283239
11.0000000261570534
11.0000000418243076
11.0000000347850158
11.0000000385939867
11.0000000215585594
11.0000000381044938
11.0000000416752144
11.0000000458445335
11.0000000522142596
11.0000000601101728
11.0000000522104333
11.0000000458191280
11.0000000416367634
11.0000000380911214
11.0000000530657367
11.0000000383320966
11.0000000453079032
11.0000000567418770
11.0000000560628113
11.0000000567653764
11.0000000453178153
11.0000000383179213
11.0000000530586242
11.0000000380919989
11.0000000416293435
11.0000000457806824
11.0000000521525703
11.0000000600674781
11.0000000521930890
11.0000000458215901
11.0000000416457109
11.0000000380942531
11.0000000215582041
11.0000000385894765
11.0000000347701921
11.0000000418028652
11.0000000261394124
11.0000000418171471
11.0000000347860407
11.0000000385976868
11.0000000215598650
12.0000000178327006
12.0000000437571810
12.0000000340710340
12.0000000457667664
12.0000000270223293
12.0000000457692995
12.0000000340794752
12.0000000437683436
12.0000000178364612
12.0000000386112937
12.0000000443188242
12.0000000511686427
12.0000000552305721
12.0000000627136192
12.0000000552294797
12.0000000511837897
12.0000000443461978
12.0000000386211614
12.0000000574798857
12.0000000436767174
12.0000000478855142
12.0000000607607920
12.0000000614726385
12.0000000607322210
12.0000000478642033
12.0000000436781402
12.0000000574829233
12.0000000386224777
12.0000000443595258
12.0000000512245268
12.0000000552828290
12.0000000627472421
12.0000000552392478
12.0000000511761264
12.0000000443344046
12.0000000386173316
12.0000000178373085
12.0000000437739853
12.0000000340940680
12.0000000457883402
12.0000000270361991
12.0000000457733407
12.0000000340762902
12.0000000437634728
12.0000000178348696
13.0000000159953153
13.0000000482289959
13.0000000342518209
13.0000000483697544
13.0000000288109252
13.0000000483663243
13.0000000342435644
13.0000000482194853
13.0000000159922138
13.0000000399917273
13.0000000465371279
13.0000000566626017
13.0000000585850763
13.0000000654508305
13.0000000585820086
13.0000000566470408
13.0000000465145131
13.0000000399839255
13.0000000601181416
13.0000000500157498
13.0000000505640507
13.0000000641603641
13.0000000672058036
13.0000000641814104
13.0000000505814235
13.0000000500175492
13.0000000601169621
13.0000000399826909
13.0000000465044572
13.0000000566191787
13.0000000585470943
13.0000000654308767
13.0000000585829980
13.0000000566617739
13.0000000465299426
13.0000000399886044
13.0000000159915814
13.0000000482155240
13.0000000342338673
13.0000000483540994
13.0000000288026918
13.0000000483667382
13.0000000342496698
13.0000000482258589
13.0000000159941465
14.0000000164136349
14.0000000514560750
14.0000000359649324
14.0000000500112041
14.0000000308398924
14.0000000500173183
14.0000000359751322
14.0000000514654808
14.0000000164164522
14.0000000410805256
14.0000000491868732
14.0000000617120683
14.0000000621238421
14.0000000677920564
14.0000000621375431
14.0000000617365128
14.0000000492105556
14.0000000410877679
14.0000000622388203
14.0000000562216140
14.0000000539574962
14.0000000675569822
14.0000000729263370
14.0000000675527971
14.0000000539562368
14.0000000562249927
14.0000000622404226
14.0000000410869472
14.0000000492095396
14.0000000617402467
14.0000000621443323
14.0000000677959058
14.0000000621240748
14.0000000617138465
14.0000000491911951
14.0000000410821954
14.0000000164162870
14.0000000514654328
14.0000000359765497
14.0000000500196862
14.0000000308414521
14.0000000500117299
14.0000000359657921
14.0000000514575085
14.0000000164141607
15.0000000195478211
15.0000000531444559
15.0000000382432326
15.0000000499830630
15.0000000326029408
15.0000000499747834
15.0000000382316525
15.0000000531355653
15.0000000195453556
15.0000000415901411
15.0000000530968123
15.0000000663347315
15.0000000663814728
15.0000000704685874
15.0000000663585187
15.0000000663033077
15.0000000530734141
15.0000000415837995
15.0000000632597157
15.0000000615990352
15.0000000585989852
15.0000000706548242
15.0000000776824169
15.0000000706434413
15.0000000585856466
15.0000000615912104
15.0000000632579766
15.0000000415864836
15.0000000530845732
15.0000000663222988
15.0000000663784281
15.0000000704805796
15.0000000663836186
15.0000000663328947
15.0000000530958904
15.0000000415900594
15.0000000195462899
15.0000000531394271
15.0000000382380616
15.0000000499818036
15.0000000326078684
15.0000000499851520
15.0000000382438525
15.0000000531449018
15.0000000195479490
16.0000000234548416
16.0000000529022053
16.0000000406829308
16.0000000490720602
16.0000000354815128
16.0000000490802243
16.0000000406928784
16.0000000529084971
16.0000000234563835
16.0000000419738768
16.0000000581502704
16.0000000707350942
16.0000000709441608
16.0000000728807592
16.0000000709679036
16.0000000707628587
16.0000000581663677
16.0000000419774686
16.0000000629141823
16.0000000665615900
16.0000000640490221
16.0000000735798125
16.0000000820687767
16.0000000735962615
16.0000000640635989
16.0000000665647768
16.0000000629139336
16.0000000419751061
16.0000000581534607
16.0000000707342380
16.0000000709329129
16.0000000728568104
16.0000000709347852
16.0000000707292536
16.0000000581424082
16.0000000419710098
16.0000000234553390
16.0000000529035447
16.0000000406825755
16.0000000490674275
16.0000000354716363
16.0000000490665570
16.0000000406789979
16.0000000528986348
16.0000000234537048
17.0000000256334829
17.0000000518423846
17.0000000424934115
17.0000000479746589
17.0000000385951360
17.0000000479691167
17.0000000424878159
17.0000000518402423
17.0000000256331738
17.0000000422718642
17.0000000642675175
17.0000000750754197
17.0000000755088685
17.0000000757379013
17.0000000754927214
17.0000000750612017
17.0000000642644800
17.0000000422722124
17.0000000611525515
17.0000000714963697
17.0000000703747318
17.0000000763716557
17.0000000856734381
17.0000000763611290
17.0000000703715806
17.0000000715049708
17.0000000611565802
17.0000000422722763
17.0000000642703668
17.0000000750846212
17.0000000755279217
17.0000000757670620
17.0000000755275984
17.0000000750940217
17.0000000642868230
17.0000000422782236
17.0000000256336428
17.0000000518435606
17.0000000424971596
17.0000000479824962
17.0000000386071761
17.0000000479834803
17.0000000425013233
17.0000000518495291
17.0000000256356785
18.0000000267623292
18.0000000501156059
18.0000000438935359
18.0000000475814765
18.0000000421993960
18.0000000475838995
18.0000000438946834
18.0000000501143624
18.0000000267616826
18.0000000422849062
18.0000000715335133
18.0000000792232626
18.0000000796459645
18.0000000789363810
18.0000000796522137
18.0000000792238133
18.0000000715261450
18.0000000422817266
18.0000000575465933
18.0000000769239463
18.0000000769329915
18.0000000801196052
18.0000000882971030
18.0000000801210831
18.0000000769239570
18.0000000769064279
18.0000000575402588
18.0000000422838191
18.0000000715284685
18.0000000792121284
18.0000000796269681
18.0000000789104497
18.0000000796230850
18.0000000791974593
18.0000000715085733
18.0000000422770725
18.0000000267618745
18.0000000501135524
18.0000000438889209
18.0000000475735895
18.0000000421886881
18.0000000475718309
18.0000000438838370
18.0000000501071327
18.0000000267597784
19.0000000261976041
19.0000000477474238
19.0000000446212738
19.0000000464848782
19.0000000443529373
19.0000000464844270
19.0000000446219204
19.0000000477492890
19.0000000261983288
19.0000000428364650
19.0000000796254866
19.0000000838428207
19.0000000839347294
19.0000000831836608
19.0000000839341077
19.0000000838470484
19.0000000796335478
19.0000000428393889
19.0000000518189758
19.0000000828435951
19.0000000830825151
19.0000000844683470
19.0000000894259564
19.0000000844706989
19.0000000830926616
19.0000000828578379
19.0000000518238643
19.0000000428372893
19.0000000796290642
19.0000000838501713
19.0000000839463965
19.0000000831989375
19.0000000839506846
19.0000000838616891
19.0000000796432182
19.0000000428419504
19.0000000261979451
19.0000000477489408
19.0000000446243078
19.0000000464896779
19.0000000443592221
19.0000000464912304
19.0000000446279458
19.0000000477533213
19.0000000261993875
20.0000000222230767
20.0000000444461037
20.0000000444461214
20.0000000444461001
20.0000000444461286
20.0000000444461072
20.0000000444461108
20.0000000444461179
20.0000000222230661
20.0000000444460824
20.0000000888921861
20.0000000888921718
20.0000000888921683
20.0000000888921861
20.0000000888921790
20.0000000888921647
20.0000000888921861
20.0000000444460859
20.0000000444461179
20.0000000888921825
20.0000000888921754
20.0000000888922145
20.0000000888922038
20.0000000888922038
20.0000000888921932
20.0000000888921754
20.0000000444461250
20.0000000444460824
20.0000000888921861
20.0000000888921718
20.0000000888921683
20.0000000888921861
20.0000000888921790
20.0000000888921647
20.0000000888921861
20.0000000444460859
20.0000000222230767
20.0000000444461037
20.0000000444461214
20.0000000444461001
20.0000000444461286
20.0000000444461072
20.0000000444461108
20.0000000444461179
20.0000000222230661

0.0000000027769550
0.0000000055539100
0.0000000055539100
0.0000000055539100
0.0000000055539100
0.0000000055539100
0.0000000055539100
0.0000000055539100
0.0000000027769550
0.0000000055539100
0.0000000111078200
0.0000000111078200
0.0000000111078200
0.0000000111078200
0.0000000111078200
0.0000000111078200
0.0000000111078200
0.0000000055539100
0.0000000055539100
0.0000000111078200
0.0000000111078200
0.0000000111078200
0.0000000111078200
0.0000000111078200
0.0000000111078200
0.0000000111078200
0.0000000055539100
0.0000000055539100
0.0000000111078200
0.0000000111078200
0.0000000111078200
0.0000000111078200
0.0000000111078200
0.0000000111078200
0.0000000111078200
0.0000000055539100
0.0000000027769550
0.0000000055539100
0.0000000055539100
0.0000000055539100
0.0000000055539100
0.0000000055539100
0.0000000055539100
0.0000000055539100
0.0000000027769550
1.0000000059435876
1.0000000086888081
1.0000000091710237
1.0000000092340116
1.0000000092389203
1.0000000092340149
1.0000000091710215
1.0000000086888090
1.0000000059435892
1.0000000086780803
1.0000000135297238
1.0000000141497907
1.0000000142000185
1.0000000142138283
1.0000000142000161
1.0000000141497918
1.0000000135297240
1.0000000086780838
1.0000000090988337
1.0000000141036234
1.0000000147754413
1.0000000148200743
1.0000000148364108
1.0000000148200772
1.0000000147754422
1.0000000141036258
1.0000000090988326
1.0000000086780785
1.0000000135297233
1.0000000141497905
1.0000000142000156
1.0000000142138299
1.0000000142000134
1.0000000141497927
1.0000000135297222
1.0000000086780803
1.0000000059435870
1.0000000086888063
1.0000000091710219
1.0000000092340131
1.0000000092389190
1.0000000092340144
1.0000000091710213
1.0000000086888101
1.0000000059435898
2.0000000089618206
2.0000000117280368
2.0000000126430120
2.0000000127782229
2.0000000127837643
2.0000000127782296
2.0000000126430062
2.0000000117280403
2.0000000089618180
2.0000000117164110
2.0000000161106146
2.0000000172612467
2.0000000173823396
2.0000000173968355
2.0000000173823356
2.0000000172612453
2.0000000161106133
2.0000000117164154
2.0000000124969715
2.0000000171459424
2.0000000183975351
2.0000000185116815
2.0000000185311513
2.0000000185116864
2.0000000183975346
2.0000000171459438
2.0000000124969697
2.0000000117164074
2.0000000161106120
2.0000000172612493
2.0000000173823334
2.0000000173968404
2.0000000173823320
2.0000000172612520
2.0000000161106120
2.0000000117164092
2.0000000089618184
2.0000000117280350
2.0000000126430075
2.0000000127782274
2.0000000127837629
2.0000000127782296
2.0000000126430049
2.0000000117280394
2.0000000089618228
3.0000000118419972
3.0000000146823695
3.0000000159946292
3.0000000162034532
3.0000000162080069
3.0000000162034599
3.0000000159946234
3.0000000146823766
3.0000000118419980
3.0000000146753187
3.0000000188132647
3.0000000204330006
3.0000000206320196
3.0000000206403548
3.0000000206320117
3.0000000204330002
3.0000000188132674
3.0000000146753281
3.0000000157786006
3.0000000202383830
3.0000000220042136
3.0000000222014878
3.0000000222143584
3.0000000222014935
3.0000000220042184
3.0000000202383874
3.0000000157785998
3.0000000146753152
3.0000000188132607
3.0000000204330028
3.0000000206320090
3.0000000206403628
3.0000000206320085
3.0000000204330073
3.0000000188132656
3.0000000146753152
3.0000000118419954
3.0000000146823660
3.0000000159946238
3.0000000162034577
3.0000000162080016
3.0000000162034621
3.0000000159946238
3.0000000146823753
3.0000000118420038
4.0000000145912109
4.0000000175617858
4.0000000192447720
4.0000000195199572
4.0000000195261567
4.0000000195199599
4.0000000192447658
4.0000000175617920
4.0000000145912136
4.0000000175564976
4.0000000216065583
4.0000000236578765
4.0000000239288234
4.0000000239326896
4.0000000239288198
4.0000000236578703
4.0000000216065583
4.0000000175565020
4.0000000189627194
4.0000000233898110
4.0000000256249670
4.0000000259029225
4.0000000259112314
4.0000000259029251
4.0000000256249706
4.0000000233898128
4.0000000189627185
4.0000000175564896
4.0000000216065521
4.0000000236578739
4.0000000239288100
4.0000000239326994
4.0000000239288118
4.0000000236578765
4.0000000216065548
4.0000000175564878
4.0000000145912082
4.0000000175617831
4.0000000192447676
4.0000000195199634
4.0000000195261478
4.0000000195199643
4.0000000192447631
4.0000000175617938
4.0000000145912216
5.0000000172015788
5.0000000203684829
5.0000000223984085
5.0000000227288766
5.0000000227430945
5.0000000227288828
5.0000000223984049
5.0000000203684900
5.0000000172015762
5.0000000203594572
5.0000000244777700
5.0000000269337717
5.0000000272648562
5.0000000272691159
5.0000000272648526
5.0000000269337628
5.0000000244777736
5.0000000203594643
5.0000000220553797
5.0000000266048090
5.0000000292787847
5.0000000296253466
5.0000000296352454
5.0000000296253519
5.0000000292787927
5.0000000266048152
5.0000000220553771
5.0000000203594448
5.0000000244777647
5.0000000269337734
5.0000000272648419
5.0000000272691274
5.0000000272648473
5.0000000269337734
5.0000000244777727
5.0000000203594466
5.0000000172015762
5.0000000203684722
5.0000000223984040
5.0000000227288863
5.0000000227430839
5.0000000227288863
5.0000000223984067
5.0000000203684891
5.0000000172015886
6.0000000196640606
6.0000000230997221
6.0000000254562496
6.0000000258356652
6.0000000258531303
6.0000000258356661
6.0000000254562407
6.0000000230997284
6.0000000196640579
6.0000000230871997
6.0000000274178422
6.0000000302597618
6.0000000306390771
6.0000000306475965
6.0000000306390735
6.0000000302597503
6.0000000274178475
6.0000000230872050
6.0000000250631329
6.0000000298798284
6.0000000329756862
6.0000000333787034
6.0000000333877717
6.0000000333787078
6.0000000329756862
6.0000000298798319
6.0000000250631338
6.0000000230871802
6.0000000274178422
6.0000000302597565
6.0000000306390611
6.0000000306476098
6.0000000306390673
6.0000000302597574
6.0000000274178467
6.0000000230871837
6.0000000196640579
6.0000000230997150
6.0000000254562442
6.0000000258356696
6.0000000258531232
6.0000000258356669
6.0000000254562469
6.0000000230997284
6.0000000196640659
7.0000000219711023
7.0000000257509569
7.0000000284177784
7.0000000288345090
7.0000000288514856
7.0000000288345134
7.0000000284177748
7.0000000257509614
7.0000000219710952
7.0000000257379043
7.0000000304213934
7.0000000336378312
7.0000000340524844
7.0000000340625270
7.0000000340524879
7.0000000336378125
7.0000000304214005
7.0000000257379096
7.0000000279900538
7.0000000332187717
7.0000000367261022
7.0000000371726303
7.0000000371762088
7.0000000371726356
7.0000000367260995
7.0000000332187833
7.0000000279900538
7.0000000257378874
7.0000000304213854
7.0000000336378214
7.0000000340524720
7.0000000340625368
7.0000000340524782
7.0000000336378285
7.0000000304213943
7.0000000257378936
7.0000000219710943
7.0000000257509418
7.0000000284177721
7.0000000288345161
7.0000000288514759
7.0000000288345143
7.0000000284177766
7.0000000257509614
7.0000000219711067
8.0000000241137261
8.0000000283136590
8.0000000312809156
8.0000000317175193
8.0000000317340998
8.0000000317175104
8.0000000312809103
8.0000000283136590
8.0000000241137208
8.0000000283036101
8.0000000334866481
8.0000000370698849
8.0000000375048455
8.0000000375106168
8.0000000375048490
8.0000000370698601
8.0000000334866552
8.0000000283036137
8.0000000308361603
8.0000000366277693
8.0000000405416838
8.0000000410144541
8.0000000410111820
8.0000000410144576
8.0000000405416802
8.0000000366277728
8.0000000308361603
8.0000000283035888
8.0000000334866428
8.0000000370698761
8.0000000375048330
8.0000000375106364
8.0000000375048348
8.0000000370698761
8.0000000334866499
8.0000000283035906
8.0000000241137261
8.0000000283136465
8.0000000312809103
8.0000000317175211
8.0000000317340909
8.0000000317175086
8.0000000312809156
8.0000000283136607
8.0000000241137226
9.0000000260767479
9.0000000307811447
9.0000000340364590
9.0000000344769617
9.0000000344875097
9.0000000344769582
9.0000000340364519
9.0000000307811501
9.0000000260767390
9.0000000307757713
9.0000000366201913
9.0000000405596268
9.0000000409996428
9.0000000409997440
9.0000000409996499
9.0000000405596037
9.0000000366202055
9.0000000307757713
9.0000000335908119
9.0000000401136617
9.0000000444300596
9.0000000449044215
9.0000000448983428
9.0000000449044180
9.0000000444300614
9.0000000401136706
9.0000000335908172
9.0000000307757446
9.0000000366201842
9.0000000405596161
9.0000000409996357
9.0000000409997476
9.0000000409996339
9.0000000405596161
9.0000000366201967
9.0000000307757571
9.0000000260767390
9.0000000307811359
9.0000000340364537
9.0000000344769635
9.0000000344875009
9.0000000344769564
9.0000000340364590
9.0000000307811590
9.0000000260767443
10.0000000278274221
10.0000000331415659
10.0000000366581592
10.0000000370880588
10.0000000370865845
10.0000000370880464
10.0000000366581592
10.0000000331415642
10.0000000278274008
10.0000000331425110
10.0000000398430835
10.0000000441196732
10.0000000445470896
10.0000000445412525
10.0000000445470967
10.0000000441196413
10.0000000398430924
10.0000000331425039
10.0000000362290571
10.0000000436887753
10.0000000483909410
10.0000000488435070
10.0000000488343801
10.0000000488435052
10.0000000483909393
10.0000000436887824
10.0000000362290589
10.0000000331424825
10.0000000398430782
10.0000000441196626
10.0000000445470878
10.0000000445412649
10.0000000445470842
10.0000000441196573
10.0000000398430906
10.0000000331424861
10.0000000278274150
10.0000000331415446
10.0000000366581610
10.0000000370880500
10.0000000370865827
10.0000000370880429
10.0000000366581663
10.0000000331415748
10.0000000278274062
11.0000000293366966
11.0000000353829073
11.0000000391236092
11.0000000395258777
11.0000000395160349
11.0000000395258652
11.0000000391236092
11.0000000353829126
11.0000000293366842
11.0000000353892684
11.0000000431755591
11.0000000477629403
11.0000000481537992
11.0000000481444946
11.0000000481538098
11.0000000477629172
11.0000000431755716
11.0000000353892542
11.0000000387280412
11.0000000473676369
11.0000000524239674
11.0000000528349151
11.0000000528208712
11.0000000528349275
11.0000000524239692
11.0000000473676369
11.0000000387280554
11.0000000353892347
11.0000000431755485
11.0000000477629243
11.0000000481537992
11.0000000481445106
11.0000000481537992
11.0000000477629225
11.0000000431755627
11.0000000353892435
11.0000000293366913
11.0000000353828824
11.0000000391236146
11.0000000395258652
11.0000000395160313
11.0000000395258652
11.0000000391236163
11.0000000353829197
11.0000000293366949
12.0000000305697458
12.0000000374895528
12.0000000414084873
12.0000000417591490
12.0000000417579038
12.0000000417591313
12.0000000414084873
12.0000000374895528
12.0000000305697352
12.0000000374898441
12.0000000466401850
12.0000000515024166
12.0000000518242977
12.0000000518239567
12.0000000518243084
12.0000000515023810
12.0000000466402010
12.0000000374898246
12.0000000410600336
12.0000000511745792
12.0000000565394238
12.0000000568782035
12.0000000568700358
12.0000000568782106
12.0000000565394274
12.0000000511745810
12.0000000410600478
12.0000000374898139
12.0000000466401815
12.0000000515023935
12.0000000518243031
12.0000000518239602
12.0000000518242977
12.0000000515023917
12.0000000466401904
12.0000000374898104
12.0000000305697423
12.0000000374895208
12.0000000414084944
12.0000000417591277
12.0000000417579091
12.0000000417591277
12.0000000414084944
12.0000000374895688
12.0000000305697476
13.0000000314835766
13.0000000394359319
13.0000000434692531
13.0000000437488303
13.0000000437655299
13.0000000437488108
13.0000000434692655
13.0000000394359230
13.0000000314835749
13.0000000394208346
13.0000000502795299
13.0000000553580861
13.0000000555843211
13.0000000556027828
13.0000000555843354
13.0000000553580630
13.0000000502795601
13.0000000394208151
13.0000000431775540
13.0000000551261916
13.0000000607271780
13.0000000609657942
13.0000000609757063
13.0000000609658048
13.0000000607271815
13.0000000551261898
13.0000000431775753
13.0000000394207991
13.0000000502795228
13.0000000553580524
13.0000000555843247
13.0000000556027917
13.0000000555843229
13.0000000553580524
13.0000000502795512
13.0000000394207973
13.0000000314835713
13.0000000394358963
13.0000000434692708
13.0000000437488055
13.0000000437655387
13.0000000437487984
13.0000000434692815
13.0000000394359425
13.0000000314835908
14.0000000320136309
14.0000000411834051
14.0000000452430680
14.0000000454434392
14.0000000454672939
14.0000000454434108
14.0000000452430555
14.0000000411833945
14.0000000320136273
14.0000000411591223
14.0000000541564731
14.0000000593596816
14.0000000594766494
14.0000000595098815
14.0000000594766671
14.0000000593596656
14.0000000541565015
14.0000000411590975
14.0000000450213022
14.0000000592383476
14.0000000649659651
14.0000000650901573
14.0000000651161702
14.0000000650901537
14.0000000649659793
14.0000000592383333
14.0000000450213165
14.0000000411590868
14.0000000541564731
14.0000000593596496
14.0000000594766512
14.0000000595098886
14.0000000594766583
14.0000000593596514
14.0000000541564855
14.0000000411590868
14.0000000320136326
14.0000000411833732
14.0000000452430697
14.0000000454434179
14.0000000454673028
14.0000000454434002
14.0000000452430697
14.0000000411834069
14.0000000320136468
15.0000000320859108
15.0000000426946638
15.0000000466587764
15.0000000467746482
15.0000000467983909
15.0000000467746322
15.0000000466587711
15.0000000426946460
15.0000000320859215
15.0000000426661515
15.0000000583502420
15.0000000635394546
15.0000000635403925
15.0000000635840980
15.0000000635404085
15.0000000635394493
15.0000000583502739
15.0000000426661302
15.0000000465147565
15.0000000635366781
15.0000000692309747
15.0000000692326765
15.0000000692742006
15.0000000692326747
15.0000000692309836
15.0000000635366799
15.0000000465147849
15.0000000426661124
15.0000000583502473
15.0000000635394244
15.0000000635403890
15.0000000635841086
15.0000000635403925
15.0000000635394279
15.0000000583502473
15.0000000426661177
15.0000000320859037
15.0000000426946318
15.0000000466587800
15.0000000467746357
15.0000000467983892
15.0000000467746197
15.0000000466587853
15.0000000426946727
15.0000000320859233
16.0000000316266870
16.0000000439308181
16.0000000476330868
16.0000000476645390
16.0000000476931703
16.0000000476645212
16.0000000476330762
16.0000000439307968
16.0000000316266942
16.0000000438929000
16.0000000629647943
16.0000000679353533
16.0000000678205723
16.0000000678803254
16.0000000678205758
16.0000000679353320
16.0000000629648085
16.0000000438928751
16.0000000475614250
16.0000000680502588
16.0000000734819743
16.0000000733618073
16.0000000734239940
16.0000000733618108
16.0000000734819814
16.0000000680502552
16.0000000475614392
16.0000000438928609
16.0000000629648049
16.0000000679353143
16.0000000678205723
16.0000000678803396
16.0000000678205616
16.0000000679353143
16.0000000629647978
16.0000000438928609
16.0000000316266870
16.0000000439307968
16.0000000476330868
16.0000000476645283
16.0000000476931667
16.0000000476645070
16.0000000476330833
16.0000000439308216
16.0000000316267084
17.0000000305341530
17.0000000448219168
17.0000000480565099
17.0000000480115681
17.0000000480468856
17.0000000480115467
17.0000000480565205
17.0000000448218920
17.0000000305341636
17.0000000447740227
17.0000000681266989
17.0000000725981160
17.0000000723821856
17.0000000724589491
17.0000000723822140
17.0000000725980982
17.0000000681267025
17.0000000447740121
17.0000000480514828
17.0000000728158192
17.0000000776752600
17.0000000774497266
17.0000000775304052
17.0000000774497337
17.0000000776752778
17.0000000728158192
17.0000000480515006
17.0000000447739801
17.0000000681267061
17.0000000725980875
17.0000000723821856
17.0000000724589562
17.0000000723821927
17.0000000725980733
17.0000000681266883
17.0000000447740014
17.0000000305341672
17.0000000448218920
17.0000000480565134
17.0000000480115716
17.0000000480468820
17.0000000480115467
17.0000000480565170
17.0000000448219168
17.0000000305341850
18.0000000287034538
18.0000000452864484
18.0000000477976130
18.0000000477018531
18.0000000477420592
18.0000000477018389
18.0000000477976130
18.0000000452864164
18.0000000287034680
18.0000000452336479
18.0000000740015231
18.0000000775875044
18.0000000773190827
18.0000000774036231
18.0000000773190862
18.0000000775875009
18.0000000740015231
18.0000000452336408
18.0000000478395883
18.0000000778588642
18.0000000817296275
18.0000000814504304
18.0000000815389498
18.0000000814504233
18.0000000817296417
18.0000000778588714
18.0000000478395954
18.0000000452336231
18.0000000740015302
18.0000000775874724
18.0000000773190756
18.0000000774036231
18.0000000773190756
18.0000000775874831
18.0000000740015160
18.0000000452336373
18.0000000287034609
18.0000000452864271
18.0000000477976094
18.0000000477018425
18.0000000477420592
18.0000000477018212
18.0000000477976094
18.0000000452864555
18.0000000287034680
19.0000000259894151
19.0000000452124809
19.0000000466728309
19.0000000465789434
19.0000000466127759
19.0000000465789398
19.0000000466728345
19.0000000452124809
19.0000000259894186
19.0000000451688820
19.0000000808198486
19.0000000829840943
19.0000000827619822
19.0000000828306987
19.0000000827619893
19.0000000829840943
19.0000000808198557
19.0000000451688784
19.0000000467233612
19.0000000832083771
19.0000000855262527
19.0000000852964277
19.0000000853671196
19.0000000852964313
19.0000000855262563
19.0000000832083842
19.0000000467233541
19.0000000451688678
19.0000000808198592
19.0000000829840623
19.0000000827619679
19.0000000828306845
19.0000000827619786
19.0000000829840729
19.0000000808198486
19.0000000451688855
19.0000000259894151
19.0000000452124702
19.0000000466728345
19.0000000465789434
19.0000000466127830
19.0000000465789363
19.0000000466728416
19.0000000452124951
19.0000000259894115
20.0000000222230412
20.0000000444460895
20.0000000444460895
20.0000000444460895
20.0000000444460895
20.0000000444460895
20.0000000444460895
20.0000000444460895
20.0000000222230412
20.0000000444460895
20.0000000888921790
20.0000000888921825
20.0000000888921825
20.0000000888921825
20.0000000888921825
20.0000000888921825
20.0000000888921790
20.0000000444460895
20.0000000444460895
20.0000000888921825
20.0000000888921825
20.0000000888921825
20.0000000888921825
20.0000000888921825
20.0000000888921825
20.0000000888921825
20.0000000444460895
20.0000000444460895
20.0000000888921790
20.0000000888921825
20.0000000888921825
20.0000000888921825
20.0000000888921825
20.0000000888921825
20.0000000888921790
20.0000000444460895
20.0000000222230412
20.0000000444460895
20.0000000444460895
20.0000000444460895
20.0000000444460895
20.0000000444460895
20.0000000444460895
20.0000000444460895
20.0000000222230412

0.0000000027769550
0.0000000055539100
0.0000000055539100
0.0000000055539100
0.0000000055539100
0.0000000055539100
0.0000000055539100
0.0000000055539100
0.0000000027769550
0.0000000055539100
0.0000000111078200
0.0000000111078200
0.0000000111078200
0.0000000111078200
0.0000000111078200
0.0000000111078200
0.0000000111078200
0.0000000055539100
0.0000000055539100
0.0000000111078200
0.0000000111078200
0.0000000111078200
0.0000000111078200
0.0000000111078200
0.0000000111078200
0.0000000111078200
0.0000000055539100
0.0000000055539100
0.0000000111078200
0.0000000111078200
0.0000000111078200
0.0000000111078200
0.0000000111078200
0.0000000111078200
0.0000000111078200
0.0000000055539100
0.0000000027769550
0.0000000055539100
0.0000000055539100
0.0000000055539100
0.0000000055539100
0.0000000055539100
0.0000000055539100
0.0000000055539100
0.0000000027769550
1.0000000059291549
1.0000000086664180
1.0000000091798982
1.0000000092434844
1.0000000092514578
1.0000000092435593
1.0000000091801320
1.0000000086665020
1.0000000059290663
1.0000000086574328
1.0000000135031417
1.0000000141502414
1.0000000142028858
1.0000000142138887
1.0000000142026992
1.0000000141504124
1.0000000135033145
1.0000000086575529
1.0000000091073566
1.0000000140972434
1.0000000147994008
1.0000000148553729
1.0000000148661801
1.0000000148555297
1.0000000147992489
1.0000000140971310
1.0000000091072780
1.0000000086574361
1.0000000135033154
1.0000000141501735
1.0000000142027121
1.0000000142140280
1.0000000142030823
1.0000000141501211
1.0000000135032385
1.0000000086578342
1.0000000059290881
1.0000000086664114
1.0000000091797052
1.0000000092438159
1.0000000092513799
1.0000000092434524
1.0000000091799488
1.0000000086665988
1.0000000059291636
2.0000000089342089
2.0000000116853971
2.0000000126611108
2.0000000127978730
2.0000000128100690
2.0000000127980320
2.0000000126615789
2.0000000116855396
2.0000000089340260
2.0000000116721757
2.0000000160585296
2.0000000172612395
2.0000000173861552
2.0000000174012582
2.0000000173857910
2.0000000172615824
2.0000000160588609
2.0000000116724310
2.0000000125112525
2.0000000171355419
2.0000000184458435
2.0000000185778140
2.0000000185923672
2.0000000185780804
2.0000000184455682
2.0000000171352923
2.0000000125110420
2.0000000116721846
2.0000000160588791
2.0000000172611285
2.0000000173858359
2.0000000174015149
2.0000000173864843
2.0000000172610304
2.0000000160587343
2.0000000116728969
2.0000000089340313
2.0000000116853820
2.0000000126606876
2.0000000127984148
2.0000000128099349
2.0000000127977886
2.0000000126611823
2.0000000116857315
2.0000000089342644
3.0000000117995436
3.0000000146225299
3.0000000160193103
3.0000000162323706
3.0000000162464557
3.0000000162326370
3.0000000160200186
3.0000000146226986
3.0000000117992496
3.0000000146078518
3.0000000187386786
3.0000000204322008
3.0000000206376134
3.0000000206529762
3.0000000206370832
3.0000000204327288
3.0000000187391493
3.0000000146082555
3.0000000157918634
3.0000000202255084
3.0000000220757217
3.0000000222922960
3.0000000223065895
3.0000000222926246
3.0000000220753535
3.0000000202251016
3.0000000157914446
3.0000000146078616
3.0000000187392057
3.0000000204320836
3.0000000206371840
3.0000000206533248
3.0000000206379762
3.0000000204319455
3.0000000187390041
3.0000000146087387
3.0000000117991923
3.0000000146224974
3.0000000160186566
3.0000000162329830
3.0000000162462812
3.0000000162322160
3.0000000160193334
3.0000000146229584
3.0000000117996914
4.0000000145284611
4.0000000174844299
4.0000000192692440
4.0000000195563858
4.0000000195709422
4.0000000195567962
4.0000000192702228
4.0000000174845907
4.0000000145280206
4.0000000174698851
4.0000000215184555
4.0000000236574644
4.0000000239431293
4.0000000239567450
4.0000000239424560
4.0000000236582087
4.0000000215190443
4.0000000174704313
4.0000000189680707
4.0000000233699851
4.0000000257116026
4.0000000260126489
4.0000000260245949
4.0000000260130220
4.0000000257111763
4.0000000233694415
4.0000000189674276
4.0000000174698780
4.0000000215191465
4.0000000236573889
4.0000000239426212
4.0000000239571758
4.0000000239434419
4.0000000236572113
4.0000000215188889
4.0000000174707386
4.0000000145278607
4.0000000174843651
4.0000000192684695
4.0000000195570040
4.0000000195707406
4.0000000195561807
4.0000000192691569
4.0000000174848829
4.0000000145287276
5.0000000171201906
5.0000000202737596
5.0000000224197034
5.0000000227742767
5.0000000227884609
5.0000000227748727
5.0000000224210064
5.0000000202738732
5.0000000171195351
5.0000000202602290
5.0000000243808334
5.0000000269339617
5.0000000272931855
5.0000000273041341
5.0000000272924092
5.0000000269349512
5.0000000243815386
5.0000000202609218
5.0000000220523830
5.0000000265723790
5.0000000293715514
5.0000000297501384
5.0000000297588354
5.0000000297505727
5.0000000293711304
5.0000000265717635
5.0000000220515703
5.0000000202601846
5.0000000243816629
5.0000000269339795
5.0000000272926330
5.0000000273046457
5.0000000272933915
5.0000000269337486
5.0000000243813378
5.0000000202608605
5.0000000171192260
5.0000000202736441
5.0000000224190364
5.0000000227749331
5.0000000227882788
5.0000000227740902
5.0000000224195018
5.0000000202741788
5.0000000171205787
6.0000000195698711
6.0000000229899566
6.0000000254742432
6.0000000258858996
6.0000000258992001
6.0000000258866999
6.0000000254759183
6.0000000229899699
6.0000000195688621
6.0000000229778783
6.0000000273155267
6.0000000302609573
6.0000000306819858
6.0000000306900390
6.0000000306811714
6.0000000302622185
6.0000000273163536
6.0000000229787549
6.0000000250516070
6.0000000298370502
6.0000000330702195
6.0000000335140138
6.0000000335192931
6.0000000335145431
6.0000000330699068
6.0000000298364569
6.0000000250507268
6.0000000229777788
6.0000000273164655
6.0000000302611323
6.0000000306814432
6.0000000306906136
6.0000000306820747
6.0000000302608418
6.0000000273160445
6.0000000229781696
6.0000000195683585
6.0000000229897754
6.0000000254739376
6.0000000258866555
6.0000000258991459
6.0000000258858295
6.0000000254739572
6.0000000229903190
6.0000000195703400
7.0000000218684217
7.0000000256296726
7.0000000284315629
7.0000000288868298
7.0000000288989899
7.0000000288878139
7.0000000284336314
7.0000000256295047
7.0000000218668790
7.0000000256191397
7.0000000303181773
7.0000000336399344
7.0000000341069422
7.0000000341123370
7.0000000341061659
7.0000000336414532
7.0000000303191481
7.0000000256202890
7.0000000279672330
7.0000000331696164
7.0000000368196140
7.0000000373118496
7.0000000373140674
7.0000000373124935
7.0000000368195421
7.0000000331691030
7.0000000279663439
7.0000000256189772
7.0000000303191880
7.0000000336403296
7.0000000341064661
7.0000000341129649
7.0000000341069297
7.0000000336399859
7.0000000303186658
7.0000000256191051
7.0000000218661276
7.0000000256294008
7.0000000284318054
7.0000000288877171
7.0000000288991817
7.0000000288869675
7.0000000284312067
7.0000000256299888
7.0000000218688498
8.0000000240022491
8.0000000281869497
8.0000000312855644
8.0000000317683693
8.0000000317793649
8.0000000317694830
8.0000000312879962
8.0000000281865251
8.0000000240000197
8.0000000281777428
8.0000000333900143
8.0000000370745958
8.0000000375683680
8.0000000375718034
8.0000000375677072
8.0000000370763100
8.0000000333911565
8.0000000281792403
8.0000000307954355
8.0000000365772070
8.0000000406295388
8.0000000411497663
8.0000000411497272
8.0000000411505212
8.0000000406298266
8.0000000365767789
8.0000000307945420
8.0000000281775066
8.0000000333910695
8.0000000370752478
8.0000000375680322
8.0000000375724500
8.0000000375683022
8.0000000370748729
8.0000000333904620
8.0000000281775154
8.0000000239989770
8.0000000281865713
8.0000000312864170
8.0000000317693374
8.0000000317799014
8.0000000317687405
8.0000000312851238
8.0000000281872321
8.0000000240024445
9.0000000259528381
9.0000000306531973
9.0000000340251027
9.0000000345172548
9.0000000345274156
9.0000000345184290
9.0000000340278081
9.0000000306524974
9.0000000259498858
9.0000000306447365
9.0000000365380082
9.0000000405709670
9.0000000410695318
9.0000000410721928
9.0000000410690255
9.0000000405727629
9.0000000365392925
9.0000000306465839
9.0000000335267671
9.0000000400686648
9.0000000445077273
9.0000000450324311
9.0000000450314417
9.0000000450332713
9.0000000445084627
9.0000000400683149
9.0000000335258612
9.0000000306444008
9.0000000365390420
9.0000000405718907
9.0000000410693737
9.0000000410728056
9.0000000410694714
9.0000000405714804
9.0000000365384238
9.0000000306445020
9.0000000259485464
9.0000000306527035
9.0000000340265380
9.0000000345182070
9.0000000345283091
9.0000000345178499
9.0000000340245592
9.0000000306534442
9.0000000259525610
10.0000000276961725
10.0000000330169563
10.0000000366334252
10.0000000371151838
10.0000000371252877
10.0000000371163598
10.0000000366362514
10.0000000330160468
10.0000000276926659
10.0000000330082148
10.0000000397753759
10.0000000441376802
10.0000000446168933
10.0000000446205668
10.0000000446165576
10.0000000441394139
10.0000000397767241
10.0000000330102967
10.0000000361455044
10.0000000436548131
10.0000000484596612
10.0000000489629226
10.0000000489629208
10.0000000489638410
10.0000000484608442
10.0000000436545076
10.0000000361446801
10.0000000330077636
10.0000000397762925
10.0000000441388401
10.0000000446169093
10.0000000446210997
10.0000000446168738
10.0000000441383712
10.0000000397757649
10.0000000330081580
10.0000000276910619
10.0000000330163719
10.0000000366353543
10.0000000371160347
10.0000000371264619
10.0000000371159743
10.0000000366327946
10.0000000330171392
10.0000000276952310
11.0000000292019724
11.0000000352634686
11.0000000390872721
11.0000000395380866
11.0000000395494375
11.0000000395391897
11.0000000390900414
11.0000000352625218
11.0000000291982936
11.0000000352529330
11.0000000431226468
11.0000000477863544
11.0000000482206630
11.0000000482278644
11.0000000482205120
11.0000000477878714
11.0000000431239027
11.0000000352549883
11.0000000386286487
11.0000000473486850
11.0000000524879802
11.0000000529423847
11.0000000529460351
11.0000000529433954
11.0000000524895309
11.0000000473484274
11.0000000386280963
11.0000000352523291
11.0000000431233129
11.0000000477876707
11.0000000482208176
11.0000000482282498
11.0000000482207358
11.0000000477870810
11.0000000431229861
11.0000000352531533
11.0000000291965083
11.0000000352628451
11.0000000390896027
11.0000000395387687
11.0000000395507289
11.0000000395390138
11.0000000390866770
11.0000000352635627
11.0000000292002920
12.0000000304327497
12.0000000373739724
12.0000000413556354
12.0000000417550297
12.0000000417694910
12.0000000417560280
12.0000000413581347
12.0000000373732281
12.0000000304294439
12.0000000373595785
12.0000000466092462
12.0000000515321865
12.0000000518957517
12.0000000519097139
12.0000000518957464
12.0000000515333554
12.0000000466102019
12.0000000373612394
12.0000000409444461
12.0000000511657277
12.0000000565915723
12.0000000569694780
12.0000000569802179
12.0000000569706220
12.0000000565933291
12.0000000511655713
12.0000000409444549
12.0000000373587934
12.0000000466095216
12.0000000515335223
12.0000000518959649
12.0000000519099306
12.0000000518959151
12.0000000515327745
12.0000000466094594
12.0000000373600688
12.0000000304275787
12.0000000373733791
12.0000000413582484
12.0000000417555643
12.0000000417706900
12.0000000417560582
12.0000000413552534
12.0000000373739653
12.0000000304304351
13.0000000313425765
13.0000000393246999
13.0000000433979732
13.0000000437268604
13.0000000437467236
13.0000000437277325
13.0000000434000054
13.0000000393243997
13.0000000313402335
13.0000000393039219
13.0000000502757622
13.0000000553946879
13.0000000556630368
13.0000000556876252
13.0000000556631470
13.0000000553954376
13.0000000502762401
13.0000000393047905
13.0000000430504432
13.0000000551240742
13.0000000607641333
13.0000000610395627
13.0000000610614972
13.0000000610408826
13.0000000607658990
13.0000000551240920
13.0000000430512479
13.0000000393029467
13.0000000502755633
13.0000000553958888
13.0000000556632340
13.0000000556876589
13.0000000556632784
13.0000000553949757
13.0000000502758013
13.0000000393045507
13.0000000313383985
13.0000000393242026
13.0000000434007195
13.0000000437273080
13.0000000437476615
13.0000000437279422
13.0000000433979732
13.0000000393246040
13.0000000313398942
14.0000000318755653
14.0000000410854462
14.0000000451618725
14.0000000454043079
14.0000000454320048
14.0000000454050468
14.0000000451632758
14.0000000410857659
14.0000000318746469
14.0000000410555270
14.0000000541771925
14.0000000593987597
14.0000000595512848
14.0000000595905405
14.0000000595514287
14.0000000593990777
14.0000000541770468
14.0000000410553405
14.0000000448908075
14.0000000592447353
14.0000000649921112
14.0000000651435776
14.0000000651810854
14.0000000651450573
14.0000000649937153
14.0000000592449894
14.0000000448924560
14.0000000410543883
14.0000000541765210
14.0000000593996354
14.0000000595513985
14.0000000595904801
14.0000000595515264
14.0000000593986602
14.0000000541770238
14.0000000410561114
14.0000000318728741
14.0000000410850642
14.0000000451645281
14.0000000454047395
14.0000000454325857
14.0000000454053719
14.0000000451623183
14.0000000410853076
14.0000000318729256
15.0000000319640083
15.0000000426175681
15.0000000465798973
15.0000000467255656
15.0000000467630361
15.0000000467261572
15.0000000465806647
15.0000000426185043
15.0000000319647100
15.0000000425760724
15.0000000583871866
15.0000000635759889
15.0000000635996020
15.0000000636570139
15.0000000635996802
15.0000000635759143
15.0000000583864406
15.0000000425747650
15.0000000463929251
15.0000000635516955
15.0000000692519180
15.0000000692665054
15.0000000693233559
15.0000000692680491
15.0000000692532929
15.0000000635521644
15.0000000463951544
15.0000000425748539
15.0000000583862096
15.0000000635764028
15.0000000635996127
15.0000000636569677
15.0000000635997708
15.0000000635754915
15.0000000583869060
15.0000000425764117
15.0000000319629230
15.0000000426172804
15.0000000465821746
15.0000000467259937
15.0000000467633150
15.0000000467265000
15.0000000465806931
15.0000000426174473
15.0000000319618607
16.0000000315261204
16.0000000438711965
16.0000000475655675
16.0000000476130211
16.0000000476607980
16.0000000476134723
16.0000000475658020
16.0000000438725500
16.0000000315281881
16.0000000438170176
16.0000000630039843
16.0000000679663650
16.0000000678609240
16.0000000679379397
16.0000000678608636
16.0000000679660026
16.0000000630028438
16.0000000438148930
16.0000000474629687
16.0000000680718735
16.0000000735061398
16.0000000733852872
16.0000000734630916
16.0000000733867154
16.0000000735073300
16.0000000680724526
16.0000000474652211
16.0000000438158523
16.0000000630030002
16.0000000679662904
16.0000000678608849
16.0000000679380250
16.0000000678609666
16.0000000679655869
16.0000000630037782
16.0000000438170389
16.0000000315262625
16.0000000438709478
16.0000000475671627
16.0000000476133835
16.0000000476609827
16.0000000476136996
16.0000000475664201
16.0000000438711716
16.0000000315248485
17.0000000304633829
17.0000000447813306
17.0000000480080615
17.0000000479690918
17.0000000480248730
17.0000000479694116
17.0000000480079763
17.0000000447827375
17.0000000304661079
17.0000000447164403
17.0000000681583288
17.0000000726204483
17.0000000724066815
17.0000000725002280
17.0000000724064755
17.0000000726199119
17.0000000681571741
17.0000000447141808
17.0000000479803148
17.0000000728348084
17.0000000776984130
17.0000000774660869
17.0000000775615341
17.0000000774671562
17.0000000776994753
17.0000000728353378
17.0000000479819313
17.0000000447155379
17.0000000681576715
17.0000000726200220
17.0000000724067242
17.0000000725004767
17.0000000724065963
17.0000000726196134
17.0000000681583892
17.0000000447162840
17.0000000304640082
17.0000000447811495
17.0000000480088005
17.0000000479692837
17.0000000480252105
17.0000000479694648
17.0000000480085767
17.0000000447814941
17.0000000304631769
18.0000000286574071
18.0000000452625066
18.0000000477654183
18.0000000476707029
18.0000000477272835
18.0000000476709481
18.0000000477652051
18.0000000452635547
18.0000000286598087
18.0000000451948772
18.0000000740240687
18.0000000776021096
18.0000000773331159
18.0000000774314337
18.0000000773328530
18.0000000776015519
18.0000000740233510
18.0000000451933460
18.0000000477904081
18.0000000778718316
18.0000000817465491
18.0000000814605343
18.0000000815610974
18.0000000814610672
18.0000000817473875
18.0000000778722118
18.0000000477910369
18.0000000451943798
18.0000000740239230
18.0000000776016940
18.0000000773333362
18.0000000774317535
18.0000000773330413
18.0000000776014417
18.0000000740245376
18.0000000451948381
18.0000000286579152
18.0000000452625066
18.0000000477654467
18.0000000476707314
18.0000000477278057
18.0000000476709090
18.0000000477653828
18.0000000452628655
18.0000000286581781
19.0000000259666173
19.0000000452013040
19.0000000466557495
19.0000000465622030
19.0000000466043879
19.0000000465624019
19.0000000466555576
19.0000000452017801
19.0000000259679389
19.0000000451494415
19.0000000808326028
19.0000000829920417
19.0000000827699225
19.0000000828458617
19.0000000827698017
19.0000000829916047
19.0000000808325247
19.0000000451491253
19.0000000466959804
19.0000000832145624
19.0000000855331024
19.0000000853006981
19.0000000853780158
19.0000000853007514
19.0000000855333901
19.0000000832148288
19.0000000466959307
19.0000000451493385
19.0000000808327556
19.0000000829919635
19.0000000827702493
19.0000000828460323
19.0000000827700539
19.0000000829917113
19.0000000808332210
19.0000000451498146
19.0000000259669797
19.0000000452015989
19.0000000466556429
19.0000000465622563
19.0000000466047574
19.0000000465624552
19.0000000466553942
19.0000000452017233
19.0000000259677719
20.0000000222230447
20.0000000444460895
20.0000000444460859
20.0000000444460930
20.0000000444460859
20.0000000444460895
20.0000000444460895
20.0000000444460859
20.0000000222230483
20.0000000444460895
20.0000000888921790
20.0000000888921790
20.0000000888921790
20.0000000888921754
20.0000000888921790
20.0000000888921825
20.0000000888921861
20.0000000444460859
20.0000000444460895
20.0000000888921790
20.0000000888921825
20.0000000888921825
20.0000000888921825
20.0000000888921790
20.0000000888921861
20.0000000888921754
20.0000000444460895
20.0000000444460895
20.0000000888921790
20.0000000888921861
20.0000000888921790
20.0000000888921790
20.0000000888921825
20.0000000888921790
20.0000000888921825
20.0000000444460895
20.0000000222230412
20.0000000444460895
20.0000000444460930
20.0000000444460895
20.0000000444460895
20.0000000444460895
20.0000000444460966
20.0000000444460859
20.0000000222230447

