1.0000000002390443
1.9999999640636710
3.0000010073705452
3.9999891319653931
5.0000583798062648
5.9998247522629562
7.0003077808551906
7.9996859505394236
9.0001723721348856
9.9999606597205126

1.0000000209357676
1.9999981753389051
3.0000391152023305
3.9996426455774508
5.0017111400027767
5.9952813881473572
7.0077615895310323
7.9924833941343962
9.0039532111796898
9.9991293044999257

0.9999999879739685
2.0000010383542350
2.9999778886257200
4.0002010135149675
4.9990411065966356
6.0026363881530829
6.9956737628078534
8.0041815275618191
8.9978043632903955
10.0004829315719004

